OrderedDict([('conv.0.weight', tensor([[[[-0.2752, -0.1031, -0.3194],
          [-0.3173,  0.0246, -0.0680],
          [ 0.0951, -0.0534, -0.1103]]],


        [[[-0.0053, -0.1488, -0.2235],
          [ 0.3195,  0.0794, -0.0989],
          [-0.1056, -0.2985, -0.0445]]],


        [[[ 0.1977, -0.0794,  0.1539],
          [ 0.1202,  0.3052,  0.0420],
          [ 0.1351,  0.2326,  0.2316]]],


        [[[-0.2686, -0.2432, -0.0008],
          [-0.2149,  0.1825,  0.1085],
          [ 0.1050,  0.2910,  0.1990]]],


        [[[ 0.1890, -0.0763, -0.1679],
          [-0.0095,  0.1261,  0.3219],
          [-0.1458, -0.2096,  0.2031]]],


        [[[ 0.1323,  0.2889, -0.1363],
          [ 0.0819, -0.2745, -0.0149],
          [ 0.2668,  0.3177, -0.1674]]],


        [[[-0.2719, -0.3174, -0.0110],
          [ 0.1798,  0.1798, -0.1226],
          [-0.3158,  0.0598, -0.2015]]],


        [[[-0.2664,  0.2008,  0.2934],
          [ 0.1256,  0.0772,  0.1428],
          [-0.2099,  0.0692, -0.2390]]],


        [[[-0.0920,  0.0389,  0.1330],
          [-0.0026,  0.2263,  0.2254],
          [ 0.0146,  0.1521,  0.0303]]],


        [[[-0.0784,  0.1123, -0.0306],
          [-0.3092, -0.1070, -0.1568],
          [-0.0724,  0.1755,  0.3250]]],


        [[[ 0.2703,  0.2481,  0.0746],
          [-0.0588, -0.0506,  0.2752],
          [-0.2024, -0.1458,  0.2197]]],


        [[[ 0.2935, -0.3095, -0.0437],
          [-0.3070, -0.0589,  0.1421],
          [-0.2296,  0.0981, -0.1240]]],


        [[[ 0.1912,  0.0752,  0.0239],
          [ 0.0406,  0.1084, -0.0984],
          [-0.2163, -0.2166,  0.2115]]],


        [[[-0.2780,  0.0008, -0.1848],
          [ 0.0597,  0.0922, -0.1182],
          [-0.2083, -0.2794,  0.1219]]],


        [[[ 0.1579, -0.0907,  0.0573],
          [ 0.1898, -0.2208, -0.3048],
          [-0.1868,  0.0452,  0.3304]]],


        [[[-0.1552, -0.0343,  0.0193],
          [-0.0043,  0.1598,  0.0187],
          [ 0.2893, -0.0677,  0.0567]]],


        [[[ 0.0165, -0.0607,  0.0876],
          [-0.1212,  0.2645, -0.1349],
          [-0.2008, -0.2872, -0.1510]]],


        [[[ 0.0527, -0.2716,  0.1588],
          [-0.1936, -0.1039, -0.3011],
          [ 0.0635, -0.0491,  0.2980]]],


        [[[-0.1400, -0.1977,  0.0892],
          [-0.0174, -0.1038, -0.2668],
          [-0.0699,  0.3063, -0.2251]]],


        [[[ 0.1814,  0.0140,  0.0571],
          [-0.1147, -0.0760,  0.1375],
          [ 0.2828, -0.3308,  0.1960]]],


        [[[ 0.0050,  0.0344,  0.1099],
          [ 0.1739,  0.1510, -0.1834],
          [-0.1674, -0.0990,  0.1319]]],


        [[[-0.0774,  0.0362,  0.2547],
          [ 0.1118,  0.1161,  0.0373],
          [ 0.0177,  0.1131, -0.0593]]],


        [[[ 0.2620,  0.1466, -0.1633],
          [-0.1617,  0.1718, -0.2003],
          [ 0.2768,  0.2958, -0.0527]]],


        [[[-0.3130,  0.0106, -0.0326],
          [ 0.2163, -0.2431, -0.1578],
          [ 0.0344,  0.2849,  0.1200]]],


        [[[ 0.1866,  0.1602, -0.0163],
          [ 0.0021,  0.1947, -0.0152],
          [ 0.2982, -0.2418, -0.1970]]],


        [[[-0.1294,  0.0739,  0.1328],
          [-0.2209, -0.2391, -0.2483],
          [ 0.0832, -0.0289, -0.2946]]],


        [[[ 0.0927,  0.0578, -0.1823],
          [ 0.2311, -0.3232,  0.1818],
          [ 0.0788,  0.0635,  0.2360]]],


        [[[-0.1215,  0.3287, -0.0516],
          [-0.0544, -0.0751, -0.1808],
          [-0.1593,  0.2109, -0.1741]]],


        [[[-0.1404,  0.0163,  0.1746],
          [ 0.2864, -0.2477,  0.2575],
          [ 0.1311,  0.1443, -0.0143]]],


        [[[ 0.1870, -0.1646, -0.1098],
          [ 0.3075, -0.2930,  0.1594],
          [ 0.0335, -0.2236, -0.2581]]],


        [[[-0.0565, -0.0762, -0.2188],
          [-0.1732, -0.1955,  0.1945],
          [ 0.2056,  0.2252, -0.3093]]],


        [[[-0.1141, -0.2549, -0.2208],
          [-0.0799,  0.0351, -0.1134],
          [-0.1581,  0.0581,  0.1908]]]])), ('conv.0.bias', tensor([ 0.1942,  0.0731, -0.2181, -0.2851, -0.0500,  0.0725,  0.0151, -0.1790,
        -0.0997,  0.1162, -0.1552, -0.1064, -0.3256, -0.2311,  0.2418, -0.2736,
        -0.0385,  0.3100,  0.3256,  0.0638,  0.2340, -0.1411,  0.0269, -0.1309,
        -0.3006,  0.2273,  0.2046, -0.1866,  0.2486, -0.0483,  0.2301,  0.3202])), ('conv.2.weight', tensor([[[[ 3.9478e-02, -2.7121e-02, -3.0808e-04],
          [-3.5639e-02, -1.6321e-02,  5.4239e-03],
          [-1.4838e-02, -4.3311e-02,  5.2906e-02]],

         [[ 5.0798e-02,  5.2241e-02, -3.0079e-02],
          [-5.3537e-02, -4.7148e-02,  5.5027e-02],
          [ 3.9060e-02, -1.0828e-02,  1.3471e-02]],

         [[-1.7306e-02,  8.3389e-03, -9.4296e-03],
          [ 3.3169e-03, -5.5511e-02,  2.1990e-02],
          [-4.4751e-02,  5.3142e-02,  4.3760e-02]],

         ...,

         [[ 3.1789e-02,  6.5343e-03,  3.3874e-02],
          [-5.6193e-02, -2.9303e-02, -3.2260e-02],
          [-1.5372e-02,  1.3320e-02,  1.7017e-03]],

         [[-2.8561e-02,  3.2143e-02, -2.0336e-02],
          [-2.2874e-02,  5.5796e-02, -1.0205e-02],
          [-4.2035e-02, -1.8629e-03,  6.9241e-03]],

         [[ 1.7597e-02, -2.0414e-03,  3.0294e-02],
          [-2.6205e-02, -2.4896e-02,  2.7348e-02],
          [ 4.2187e-02, -2.1604e-02,  1.4715e-02]]],


        [[[ 5.1605e-02,  1.7202e-02, -4.9849e-02],
          [ 5.3658e-03,  5.2934e-02,  2.6402e-02],
          [-3.9149e-02,  1.8389e-02, -2.0495e-02]],

         [[-4.6579e-02,  2.8819e-03, -1.2891e-02],
          [-5.5814e-02, -4.7304e-02, -4.8797e-02],
          [-3.0364e-02, -3.5473e-02, -2.4160e-02]],

         [[-2.0078e-02,  1.1966e-02, -4.8212e-02],
          [-2.8868e-02, -4.4082e-02,  2.3643e-02],
          [-1.9136e-02, -3.8907e-02, -6.7633e-03]],

         ...,

         [[-2.3661e-02,  2.5274e-02,  2.9377e-02],
          [ 1.5843e-02, -3.9399e-02, -2.9203e-02],
          [-3.5283e-02,  4.0522e-02, -2.4178e-02]],

         [[-5.5763e-02, -5.6499e-02,  7.1918e-03],
          [ 3.3601e-02,  1.2755e-03,  2.0488e-02],
          [ 3.3485e-02,  6.1999e-03,  1.7261e-02]],

         [[-7.3917e-03, -3.9324e-03, -2.1862e-03],
          [ 2.2333e-04,  1.5629e-02, -3.7028e-02],
          [ 2.9240e-02, -3.1436e-02, -4.7748e-02]]],


        [[[-1.2964e-02, -4.0319e-03, -2.9960e-02],
          [ 2.2516e-02,  3.5681e-02, -2.5853e-02],
          [-1.5457e-03,  3.6204e-02, -4.3281e-02]],

         [[-2.2539e-02, -1.6543e-02,  3.6409e-02],
          [-3.0781e-02,  4.5466e-03,  5.7437e-02],
          [ 3.7260e-02,  9.0963e-03, -4.5932e-02]],

         [[-3.2374e-02, -2.2395e-02,  2.4564e-02],
          [ 1.2144e-02, -2.9710e-02,  3.7001e-02],
          [ 1.7579e-02,  3.1439e-02,  1.5068e-02]],

         ...,

         [[-2.5372e-02,  4.9194e-04,  1.0423e-02],
          [ 5.3505e-02,  2.8943e-02,  5.0895e-02],
          [ 9.4557e-03,  2.1948e-02,  5.0697e-02]],

         [[ 4.1957e-02, -5.7961e-02, -3.4661e-02],
          [ 3.2051e-02, -3.5264e-02,  2.2080e-02],
          [ 5.0624e-02, -3.8089e-03,  4.6896e-03]],

         [[-5.4171e-02, -5.2354e-02,  3.8625e-02],
          [-2.5277e-02,  1.0150e-02, -3.6655e-02],
          [-5.3255e-02,  1.9884e-02,  3.7816e-02]]],


        ...,


        [[[ 4.4621e-03,  4.1188e-02, -3.8363e-02],
          [ 9.3643e-03,  2.3190e-02,  5.4296e-04],
          [-1.2326e-02, -5.0209e-02, -9.5371e-03]],

         [[-2.0701e-03, -8.6307e-03,  1.4551e-02],
          [ 4.3750e-02, -2.6183e-02,  3.2629e-02],
          [-1.8785e-02,  1.4201e-02,  5.1115e-02]],

         [[ 2.9095e-02,  4.8861e-02,  3.8325e-02],
          [ 3.5277e-02,  3.4089e-02, -3.7220e-02],
          [ 3.8978e-02,  5.4993e-02, -5.5856e-02]],

         ...,

         [[ 4.6486e-02,  3.0492e-02, -1.2590e-02],
          [ 2.3832e-02, -3.5915e-02,  4.2169e-02],
          [-2.5562e-02,  6.6509e-03, -3.3793e-03]],

         [[ 2.5754e-02,  3.4737e-03,  1.2193e-02],
          [-2.0573e-02, -6.2873e-03,  5.8557e-02],
          [ 3.8197e-02,  3.7356e-02, -1.9432e-02]],

         [[-7.0312e-03, -5.2637e-02,  5.7749e-02],
          [ 3.1867e-02, -2.6812e-02,  2.2739e-03],
          [ 2.3947e-02, -2.4739e-02, -1.3606e-02]]],


        [[[ 4.3485e-02,  4.4511e-02, -2.8673e-02],
          [ 1.8857e-02,  2.4917e-03,  3.8352e-02],
          [ 1.7673e-02,  3.5505e-02,  3.1061e-02]],

         [[-4.0984e-02,  8.6040e-03, -9.9283e-03],
          [ 4.1552e-02, -8.2669e-03, -4.5389e-02],
          [ 2.9700e-02, -4.2518e-02,  6.6027e-03]],

         [[ 2.8116e-02, -5.0591e-02, -8.3534e-03],
          [ 4.3357e-02,  5.1663e-02,  7.7359e-03],
          [ 2.3261e-02,  4.4491e-03, -5.3112e-03]],

         ...,

         [[-1.3839e-02, -3.8872e-02,  3.7060e-02],
          [ 2.1329e-02, -5.8664e-02, -7.7503e-03],
          [-5.2321e-02,  7.9054e-05, -1.2438e-02]],

         [[-5.7135e-02, -1.0619e-02,  1.1377e-02],
          [ 5.7291e-02, -4.9969e-02, -2.1836e-02],
          [-5.0958e-02, -1.8783e-02,  3.6137e-02]],

         [[-9.4435e-03,  4.9689e-03,  5.4065e-02],
          [ 2.3760e-02, -8.6210e-03, -4.6587e-03],
          [-1.1153e-02, -3.2662e-02, -5.4061e-02]]],


        [[[ 4.2462e-02, -2.3152e-02,  3.7328e-02],
          [ 1.6516e-02, -3.6823e-02,  1.7215e-02],
          [ 2.2744e-02,  1.3774e-03,  3.0232e-02]],

         [[-1.6991e-02,  5.7855e-02, -3.1789e-02],
          [ 3.1913e-03,  5.2504e-02, -5.8686e-02],
          [ 4.5256e-02,  1.0537e-02,  1.8636e-03]],

         [[-3.4385e-02, -2.1300e-02,  2.4248e-02],
          [ 4.8159e-02, -1.3282e-03,  3.4475e-02],
          [-2.7344e-02, -4.5872e-02,  3.1793e-02]],

         ...,

         [[ 3.6140e-02,  3.1619e-02, -3.4081e-02],
          [ 4.4518e-04, -4.5047e-02,  3.3400e-03],
          [-2.5280e-02,  1.9654e-02, -1.8036e-02]],

         [[-5.8806e-02,  5.6623e-02, -4.4129e-02],
          [-3.3181e-03,  2.2459e-02,  1.1806e-02],
          [ 5.7126e-02,  3.5844e-03, -3.6539e-02]],

         [[-5.1712e-02,  9.6840e-03, -2.7123e-02],
          [-4.4615e-02, -4.3388e-02, -4.3823e-02],
          [ 6.2481e-03, -2.2536e-02,  1.5036e-02]]]])), ('conv.2.bias', tensor([-6.8928e-03,  5.4405e-02, -5.4429e-02, -6.2530e-03,  5.2850e-02,
         2.0255e-02,  1.4402e-02, -2.5468e-02,  1.2607e-02,  9.8694e-03,
         3.2475e-02,  3.4681e-02, -4.2753e-02, -5.2272e-02,  5.7929e-02,
        -3.9523e-02,  2.2819e-03,  3.0539e-02, -1.2479e-02, -3.4641e-02,
        -6.2110e-03,  4.7386e-02,  4.3818e-02,  5.5335e-02,  3.8200e-02,
        -6.8830e-03, -1.4824e-02, -3.6594e-02, -2.7234e-02, -1.6329e-02,
        -2.9839e-02,  1.9260e-05,  4.4817e-02,  2.1920e-02, -3.9834e-02,
         1.7783e-02,  1.8844e-02, -2.9591e-02, -3.6705e-02, -9.7154e-03,
         1.5715e-02, -3.5072e-02,  4.9474e-02,  3.7934e-02, -1.0755e-03,
         1.0184e-03, -1.0664e-02, -1.4010e-02, -2.7991e-02,  3.8979e-02,
        -3.0363e-02,  1.9053e-02,  1.0625e-02,  2.8968e-02, -1.6723e-02,
        -4.5480e-02, -5.8066e-02, -5.4295e-04,  2.0503e-02,  4.1853e-02,
        -2.1038e-02,  4.8236e-02, -5.8004e-02, -3.0478e-02])), ('fc.0.weight', tensor([[-0.0062, -0.0084, -0.0029,  ..., -0.0050, -0.0097,  0.0103],
        [ 0.0083,  0.0069, -0.0032,  ..., -0.0010, -0.0103, -0.0008],
        [-0.0044, -0.0089,  0.0095,  ..., -0.0055,  0.0009, -0.0029],
        ...,
        [ 0.0060, -0.0013,  0.0100,  ...,  0.0063, -0.0023,  0.0051],
        [ 0.0093, -0.0087,  0.0015,  ..., -0.0015,  0.0017, -0.0064],
        [ 0.0029,  0.0086,  0.0003,  ...,  0.0052, -0.0051, -0.0035]])), ('fc.0.bias', tensor([ 2.4333e-03, -1.8956e-03, -7.1505e-03, -6.0675e-03, -1.3628e-04,
         9.2783e-03, -3.4946e-03, -3.9442e-04,  5.5580e-03,  2.7163e-03,
         4.6724e-03, -4.9843e-04,  2.8892e-04, -6.0589e-03,  3.2192e-03,
         3.7585e-03, -7.5473e-03,  2.5579e-04, -6.0355e-04, -6.1518e-03,
         2.1735e-03,  1.2987e-03, -5.3926e-04,  1.1280e-03,  5.1166e-03,
         1.3011e-04, -9.0622e-03, -1.6703e-03,  8.2743e-03,  8.4186e-03,
         7.8972e-03, -6.7469e-03, -9.6767e-03, -4.4041e-03,  2.4188e-03,
        -4.3440e-03,  2.0428e-03, -9.4525e-03, -6.7689e-03, -8.0195e-04,
        -6.4868e-03,  1.0409e-03, -3.9674e-03, -6.1866e-03,  2.8213e-03,
         4.5485e-03, -8.7420e-04,  1.5120e-03,  6.8158e-03,  4.3862e-05,
         5.7440e-03,  1.5064e-03,  4.4286e-03,  9.8741e-03,  2.3036e-03,
        -6.7552e-03,  2.8311e-03,  9.1923e-03,  2.8931e-03,  4.0179e-03,
        -1.0291e-02, -7.5296e-03, -8.0201e-03,  8.3275e-03, -8.9179e-03,
        -8.5691e-03,  9.5726e-03,  1.3149e-03,  2.0349e-03,  3.3318e-03,
        -5.7039e-03, -6.9952e-03, -6.9924e-03, -8.3121e-03,  2.9009e-03,
         8.2328e-03, -4.9465e-04,  7.8760e-04,  9.8773e-03,  9.3184e-03,
        -8.3656e-03,  5.2731e-03, -5.5832e-03,  5.8213e-03,  8.2828e-03,
        -1.4796e-03, -6.5284e-03,  6.6855e-04, -5.9049e-03, -2.0011e-03,
        -5.1906e-03, -1.0181e-02,  4.1659e-03,  6.1964e-03, -9.5708e-03,
        -4.0103e-03, -1.0029e-03, -9.8843e-03, -8.5882e-03, -9.6553e-03,
        -6.2841e-03, -5.1036e-03,  3.1968e-03,  1.7982e-03, -1.0312e-02,
        -8.9602e-03, -7.8563e-03, -5.8896e-03, -3.9085e-03, -1.3233e-03,
        -1.5612e-03,  2.7356e-03,  9.7613e-03,  1.4560e-03, -5.6198e-03,
         8.5879e-03, -2.3484e-03, -9.4479e-03,  2.3116e-03,  1.7143e-03,
         6.7560e-04, -8.7440e-03,  2.0681e-03,  1.0318e-02, -5.8978e-03,
         3.5380e-03,  6.4412e-03, -5.2212e-03])), ('fc.2.weight', tensor([[ 0.0142,  0.0815,  0.0022,  ...,  0.0248, -0.0883,  0.0057],
        [ 0.0579, -0.0264, -0.0482,  ...,  0.0597,  0.0008,  0.0531],
        [-0.0655, -0.0118, -0.0182,  ..., -0.0457,  0.0370,  0.0695],
        ...,
        [ 0.0188,  0.0464, -0.0753,  ..., -0.0630,  0.0097,  0.0362],
        [ 0.0795, -0.0731,  0.0092,  ...,  0.0166, -0.0024, -0.0169],
        [ 0.0535, -0.0579, -0.0743,  ..., -0.0066, -0.0550, -0.0780]])), ('fc.2.bias', tensor([ 0.0089, -0.0259,  0.0748, -0.0548,  0.0490,  0.0859,  0.0214,  0.0160,
        -0.0823,  0.0561]))])