OrderedDict([('conv.0.weight', tensor([[[[-0.2861,  0.2015, -0.1935],
          [-0.0932, -0.2444, -0.2171],
          [-0.3317,  0.3021, -0.0478]]],


        [[[-0.2369, -0.0473,  0.3178],
          [-0.2548, -0.0249,  0.2537],
          [ 0.2490, -0.0406,  0.1129]]],


        [[[ 0.0053, -0.0506, -0.3115],
          [-0.3259,  0.0785, -0.0074],
          [-0.3170, -0.0493,  0.1017]]],


        [[[-0.1478, -0.0897,  0.3204],
          [-0.1622,  0.0130,  0.0818],
          [-0.0535,  0.2677,  0.3249]]],


        [[[-0.1001, -0.2513, -0.0300],
          [ 0.0034, -0.0138, -0.2615],
          [ 0.3574,  0.0538,  0.0200]]],


        [[[ 0.2730,  0.0591, -0.1449],
          [ 0.1489, -0.2718, -0.3151],
          [ 0.1738,  0.1603, -0.2046]]],


        [[[-0.0382,  0.1961, -0.2146],
          [ 0.3299,  0.0892,  0.2165],
          [-0.1204, -0.0306,  0.2820]]],


        [[[ 0.2009, -0.2154,  0.0186],
          [ 0.2426,  0.1186, -0.3615],
          [ 0.2538, -0.1147, -0.2520]]],


        [[[ 0.1860, -0.0654, -0.3329],
          [-0.0613, -0.1230, -0.2229],
          [-0.0415, -0.1951, -0.0784]]],


        [[[ 0.0504,  0.2438,  0.4426],
          [-0.1062, -0.2870,  0.2879],
          [-0.3299, -0.0051,  0.2353]]],


        [[[-0.0805,  0.0494,  0.0394],
          [ 0.2433,  0.0365,  0.2139],
          [ 0.4283,  0.4903,  0.4201]]],


        [[[-0.1737, -0.2040, -0.1709],
          [-0.0215,  0.3064, -0.1248],
          [-0.2500, -0.1724, -0.0021]]],


        [[[-0.2962, -0.1209,  0.2875],
          [ 0.1236, -0.0400,  0.0745],
          [-0.2102,  0.2710, -0.2882]]],


        [[[ 0.2791,  0.0326,  0.0391],
          [ 0.3477, -0.0966,  0.0437],
          [-0.2089,  0.0195, -0.0955]]],


        [[[-0.3560, -0.1471,  0.3103],
          [-0.2770, -0.0171, -0.0604],
          [ 0.3085,  0.1187,  0.2272]]],


        [[[ 0.0619,  0.3641, -0.0707],
          [-0.0901,  0.3152, -0.0782],
          [-0.4072, -0.1812,  0.2562]]],


        [[[-0.0857,  0.2751,  0.1507],
          [-0.1642, -0.0663, -0.1592],
          [ 0.2428, -0.1045,  0.2418]]],


        [[[-0.3036, -0.2660, -0.0073],
          [ 0.1804,  0.0297, -0.3265],
          [-0.0564,  0.0184, -0.3189]]],


        [[[ 0.2062, -0.3515, -0.3142],
          [ 0.0335, -0.1528,  0.0492],
          [ 0.2319,  0.3894,  0.1645]]],


        [[[-0.2369,  0.2388, -0.2391],
          [-0.2641,  0.0667, -0.0405],
          [-0.1854, -0.2693, -0.3471]]],


        [[[ 0.1348,  0.2209, -0.3416],
          [ 0.2648,  0.0111,  0.0834],
          [ 0.2989,  0.0417, -0.0368]]],


        [[[-0.3662,  0.1668,  0.1774],
          [-0.0390, -0.2679,  0.1784],
          [-0.2052, -0.1165,  0.3248]]],


        [[[ 0.1331,  0.0186, -0.2655],
          [-0.0560, -0.0244,  0.0381],
          [ 0.2951, -0.3271, -0.1201]]],


        [[[ 0.0615,  0.1061,  0.3703],
          [-0.0491, -0.2422,  0.0846],
          [ 0.0195,  0.1296,  0.0230]]],


        [[[ 0.3002, -0.3130, -0.0565],
          [-0.3171, -0.1396, -0.3026],
          [ 0.0872, -0.3108,  0.1672]]],


        [[[-0.2037, -0.2565,  0.1813],
          [ 0.1832, -0.3216, -0.2227],
          [-0.1123,  0.1844,  0.3159]]],


        [[[ 0.1891, -0.2292, -0.2229],
          [ 0.1232, -0.1613,  0.0061],
          [-0.3060, -0.1852,  0.2830]]],


        [[[ 0.0772,  0.0963,  0.2966],
          [-0.0672,  0.4481,  0.4119],
          [-0.1435,  0.3804,  0.2473]]],


        [[[-0.0061, -0.0334,  0.3351],
          [-0.0222,  0.1528,  0.2698],
          [-0.2593, -0.3227, -0.2445]]],


        [[[-0.1229,  0.2018,  0.2959],
          [ 0.0606,  0.4147, -0.0595],
          [-0.0084,  0.1063,  0.1342]]],


        [[[-0.3408, -0.1757, -0.0614],
          [ 0.0041, -0.0644,  0.2311],
          [ 0.0078,  0.3166,  0.3804]]],


        [[[-0.1125,  0.1563,  0.1724],
          [-0.3144,  0.1083, -0.1512],
          [ 0.1328, -0.2000,  0.3437]]]])), ('conv.0.bias', tensor([-0.1005, -0.3103, -0.0804, -0.1458,  0.0074,  0.1483, -0.1186,  0.2311,
         0.1769,  0.2483,  0.3133,  0.1223, -0.2134,  0.3132,  0.2554,  0.2601,
        -0.1758,  0.1882, -0.2302,  0.2648, -0.2618,  0.1219,  0.0766, -0.2315,
        -0.1449,  0.2624, -0.1568, -0.1951, -0.1571, -0.1013,  0.3328, -0.1488])), ('conv.2.weight', tensor([[[[ 0.0164, -0.0043, -0.0046],
          [-0.0357,  0.0182, -0.0146],
          [ 0.0157,  0.0115, -0.0294]],

         [[-0.0425,  0.0023,  0.0049],
          [ 0.0291,  0.0144, -0.0552],
          [ 0.0579, -0.0363,  0.0055]],

         [[-0.0296,  0.0471, -0.0060],
          [-0.0373, -0.0374, -0.0415],
          [-0.0399,  0.0211, -0.0561]],

         ...,

         [[ 0.0469,  0.0104, -0.0144],
          [-0.0658,  0.0443,  0.0455],
          [ 0.0388, -0.0430, -0.0192]],

         [[ 0.0116,  0.0267,  0.0472],
          [ 0.0194,  0.0198, -0.0311],
          [ 0.0247,  0.0414, -0.0240]],

         [[ 0.0607, -0.0113,  0.0313],
          [ 0.0626,  0.0128,  0.0493],
          [-0.0475,  0.0039,  0.0071]]],


        [[[ 0.0295,  0.0125,  0.0374],
          [ 0.0228,  0.0012, -0.0207],
          [-0.0320, -0.0084, -0.0383]],

         [[-0.0568,  0.0470,  0.0501],
          [-0.0569, -0.0520, -0.0316],
          [ 0.0153, -0.0497,  0.0513]],

         [[-0.0434,  0.0561, -0.0399],
          [-0.0559,  0.0557, -0.0216],
          [-0.0478, -0.0122,  0.0568]],

         ...,

         [[ 0.0328, -0.0392, -0.0409],
          [ 0.0452, -0.0515,  0.0390],
          [ 0.0659, -0.0418,  0.0529]],

         [[-0.0470, -0.0326, -0.0489],
          [ 0.0246, -0.0184,  0.0293],
          [ 0.0004, -0.0016, -0.0509]],

         [[ 0.0520, -0.0486, -0.0154],
          [-0.0332, -0.0568,  0.0273],
          [-0.0368, -0.0315, -0.0297]]],


        [[[ 0.0398,  0.0215,  0.0032],
          [ 0.0147,  0.0108, -0.0101],
          [-0.0499, -0.0042, -0.0301]],

         [[-0.0301, -0.0476, -0.0266],
          [-0.0258,  0.0059, -0.0440],
          [-0.0195,  0.0091,  0.0148]],

         [[-0.0239, -0.0160,  0.0569],
          [ 0.0503, -0.0552, -0.0306],
          [ 0.0231, -0.0559, -0.0216]],

         ...,

         [[ 0.0388,  0.0153, -0.0003],
          [-0.0048, -0.0262, -0.0340],
          [ 0.0379, -0.0403,  0.0458]],

         [[-0.0274,  0.0005,  0.0245],
          [ 0.0407, -0.0128,  0.0266],
          [ 0.0424, -0.0320, -0.0256]],

         [[ 0.0042, -0.0483, -0.0179],
          [ 0.0466,  0.0393, -0.0368],
          [ 0.0495,  0.0180,  0.0147]]],


        ...,


        [[[-0.0467, -0.0457,  0.0179],
          [-0.0348, -0.0550, -0.0596],
          [-0.0071, -0.0291, -0.0285]],

         [[ 0.0096, -0.0288, -0.0311],
          [-0.0040, -0.0326, -0.0553],
          [-0.0349, -0.0088,  0.0039]],

         [[-0.0051, -0.0350,  0.0439],
          [ 0.0328,  0.0260,  0.0116],
          [-0.0601, -0.0532,  0.0174]],

         ...,

         [[ 0.0137, -0.0198, -0.0059],
          [ 0.0123,  0.0215,  0.0078],
          [ 0.0659,  0.0485, -0.0410]],

         [[-0.0692, -0.0666, -0.0550],
          [ 0.0025,  0.0055, -0.0353],
          [-0.0770, -0.0136,  0.0319]],

         [[ 0.0264, -0.0595,  0.0189],
          [-0.0020,  0.0156,  0.0498],
          [ 0.0027, -0.0475,  0.0204]]],


        [[[ 0.0128,  0.0609,  0.0062],
          [-0.0269,  0.0220,  0.0442],
          [ 0.0074,  0.0538, -0.0485]],

         [[-0.0355, -0.0546, -0.0150],
          [ 0.0310,  0.0490,  0.0003],
          [ 0.0281, -0.0263,  0.0267]],

         [[-0.0512,  0.0552, -0.0048],
          [ 0.0502, -0.0262, -0.0184],
          [-0.0273, -0.0308,  0.0141]],

         ...,

         [[-0.0559, -0.0067,  0.0394],
          [-0.0123, -0.0516, -0.0322],
          [ 0.0188,  0.0457,  0.0434]],

         [[-0.0596, -0.0483,  0.0042],
          [-0.0022,  0.0144, -0.0235],
          [ 0.0860, -0.0087, -0.0097]],

         [[-0.0180,  0.0093, -0.0254],
          [-0.0030, -0.0066,  0.0461],
          [-0.0347, -0.0324, -0.0536]]],


        [[[ 0.0442,  0.0182, -0.0508],
          [ 0.0198, -0.0587, -0.0250],
          [-0.0311, -0.0522,  0.0312]],

         [[-0.0307,  0.0180, -0.0043],
          [-0.0169,  0.0448,  0.0043],
          [ 0.0056,  0.0695, -0.0053]],

         [[ 0.0116, -0.0518,  0.0367],
          [ 0.0434, -0.0166,  0.0181],
          [-0.0083,  0.0369, -0.0602]],

         ...,

         [[-0.0566, -0.0192, -0.0277],
          [-0.0039, -0.0208, -0.0382],
          [-0.0139, -0.0361,  0.0279]],

         [[-0.0124, -0.0175,  0.0438],
          [-0.0392,  0.0488, -0.0578],
          [ 0.0179, -0.0054, -0.0478]],

         [[-0.0099,  0.0533, -0.0143],
          [ 0.0204, -0.0417,  0.0471],
          [-0.0503, -0.0201,  0.0568]]]])), ('conv.2.bias', tensor([ 0.0543,  0.0551, -0.0099, -0.0099,  0.0221, -0.0227, -0.0260, -0.0372,
        -0.0500,  0.0596, -0.0156, -0.0591, -0.0043,  0.0492,  0.0408,  0.0157,
         0.0093, -0.0315, -0.0014, -0.0420, -0.0055,  0.0014, -0.0223, -0.0591,
        -0.0383, -0.0706, -0.0362, -0.0389, -0.0213, -0.0139, -0.0458,  0.0372,
        -0.0610,  0.0504,  0.0485,  0.0698,  0.0385,  0.0185,  0.0099, -0.0286,
         0.0165, -0.0469, -0.0450,  0.0373, -0.0495,  0.0446, -0.0263,  0.0537,
         0.0250,  0.0221,  0.0499, -0.0078,  0.0209,  0.0298, -0.0405,  0.0597,
         0.0315, -0.0198, -0.0595,  0.0400,  0.0130, -0.0156, -0.0116, -0.0690])), ('fc.0.weight', 
tensor([[-0.0040,  0.0055,  0.0057,  ..., -0.0011, -0.0021,  0.0071],
        [ 0.0009,  0.0065, -0.0063,  ...,  0.0015,  0.0083, -0.0003],
        [ 0.0016, -0.0081, -0.0018,  ..., -0.0074,  0.0005,  0.0068],
        ...,
        [ 0.0093,  0.0017, -0.0010,  ...,  0.0019,  0.0071,  0.0003],
        [ 0.0070,  0.0055,  0.0086,  ...,  0.0060, -0.0046, -0.0084],
        [-0.0050,  0.0024,  0.0025,  ...,  0.0021,  0.0019,  0.0049]])), ('fc.0.bias', tensor([-5.7855e-03, -1.2681e-03,  7.4270e-03,  8.3833e-03, -4.9572e-03,
        -1.0926e-02, -5.5031e-03, -4.8867e-03, -7.5859e-03,  1.0178e-02,
         4.1974e-03,  1.0902e-02,  5.6815e-03, -2.5975e-03,  2.0549e-03,
         6.0367e-03,  6.5167e-03, -5.2736e-03, -1.5784e-02,  1.2594e-03,
         2.3934e-03, -2.6825e-03, -1.8717e-02, -4.9637e-03, -3.0136e-03,
        -5.1055e-03,  1.4345e-03, -9.8709e-03, -3.3913e-03,  4.3180e-03,
         3.9385e-03,  7.5371e-04,  1.3938e-03,  7.7913e-03, -5.6624e-03,
         1.1065e-02,  8.1395e-03,  3.7593e-03, -5.4720e-03,  6.9466e-03,
         6.5992e-03,  6.2142e-03, -4.7914e-03, -1.4640e-03,  1.2993e-02,
         3.1737e-03, -1.4339e-03, -9.4865e-03, -6.4133e-03, -2.8096e-04,
         3.1672e-03, -1.2132e-02,  1.6878e-03,  4.6825e-03,  3.9046e-03,
         8.5091e-03,  1.2545e-02, -9.7898e-03,  3.2588e-03,  5.1873e-05,
         5.1835e-03, -3.5498e-03, -6.8237e-07, -4.5702e-04,  1.8490e-02,
        -8.5798e-03,  1.9346e-03,  2.1951e-03,  9.2248e-05,  4.3074e-03,
         2.2676e-03, -6.3900e-03,  3.6663e-03, -2.6175e-03,  1.5291e-02,
        -6.8622e-03,  5.2999e-03, -1.0460e-03,  1.1485e-02, -8.8522e-03,
        -8.9525e-03,  6.4064e-03,  5.8976e-03,  5.4432e-03, -3.4552e-03,
        -1.5577e-03,  7.1610e-03,  1.5085e-04, -3.5395e-03, -3.9222e-03,
        -1.1154e-02, -3.3263e-03, -2.5974e-03,  8.1012e-03,  4.8314e-03,
         1.6825e-04, -1.1909e-02, -7.8433e-03, -3.5811e-04, -8.2302e-03,
         2.9190e-03,  7.5279e-03,  6.7538e-03, -7.6312e-03,  5.2504e-03,
        -4.0250e-04, -5.2569e-03,  2.4179e-03,  1.7199e-02, -4.4029e-03,
         1.1343e-02, -4.4600e-03,  3.1687e-03, -8.2190e-03,  5.3865e-03,
        -6.7891e-06,  8.6426e-03, -7.5854e-03,  7.3100e-03, -2.5098e-03,
        -6.0062e-04,  5.4052e-03, -7.8992e-03,  6.3653e-03,  1.0271e-03,
         8.7466e-03, -3.0039e-03,  1.0558e-02])), ('fc.2.weight', tensor([[-4.6109e-02, -1.2101e-01,  4.3499e-02,  ..., -1.0913e-01,
         -6.0581e-02, -1.1895e-02],
        [ 1.8202e-01,  9.9677e-02,  1.2300e-01,  ..., -3.1210e-02,
         -7.1000e-04,  1.0169e-01],
        [-1.2934e-01,  2.1381e-01, -7.7971e-02,  ...,  4.3536e-02,
         -9.4128e-02, -1.3965e-01],
        ...,
        [ 4.5559e-02,  1.5065e-01,  7.1041e-05,  ...,  2.2906e-01,
          8.3984e-02, -9.3490e-02],
        [-2.2230e-02,  1.2933e-01, -6.9980e-02,  ..., -1.3742e-01,
         -7.8179e-02, -9.2877e-03],
        [-1.5731e-02, -2.3466e-01,  6.6035e-02,  ...,  2.1861e-01,
          6.8300e-02,  2.7999e-02]])), ('fc.2.bias', tensor([-0.0189,  0.1074,  0.0375,  0.0718, -0.0617, -0.0052, -0.0018, -0.0415,
        -0.0115,  0.0076]))])